Company                 Low     Hi     Net    Ave    Dev Lng  BestTrRt BestPerRt BestPer
A                     10.00 100.00   90.00  55.00  28.72   9     10.00      2.00     0
B                     10.00 100.00  -90.00  55.00  28.72   0       n/a      0.90     0
C                     10.00  20.00    5.00  13.50   3.20   4      2.50      2.00     3
D                      5.00  15.00    5.00  12.00   3.32   5      2.00      3.00     4
E1234567890123456789 999.99 999.99    0.00 999.99   0.00   9      0.00      1.00     0
F                      5.00  90.00  -45.00  45.50  27.97   1     80.00      9.00     7
G                      5.00  50.00   40.00  20.00  14.66   5      9.00      2.00     1
H                      5.00  50.00   10.00  20.00  14.66   4     10.00      2.00     0
I                      5.00  40.00   -5.00  15.50  11.28   4     10.00      2.00     0
J                      5.00  40.00   -5.00  15.50  11.28   4      8.75      2.00     1
K                      1.00  30.00    9.00   6.60   8.37   4      9.00     10.00     8
L                      1.00  30.00    0.00   6.60   8.37   3      9.50     10.00     0
M1234567890123456789   1.00  30.00   22.50   6.60   8.37   4      9.00     10.00     3
N1234567890123456789   1.99 999.99 -998.00 500.99 499.00   4      0.00      1.00     0
O1234567890123456789   0.40 999.99    9.60 108.04 297.33   7    999.59   2499.98     0


Picking the best stocks, the multiplier would be 359996400.00
The best companies to pick, period by period, were as follows
O1234567890123456789
G
K
M1234567890123456789
L
F
M1234567890123456789
F
K
